0.000000 0.000000 0.000000 0.000000
0.500000 0.000000 1.000000 0.000000
2.000000 0.000000 2.000000 0.523599
3.732051 1.000000 2.000000 0.523599
5.464102 2.000000 2.000000 0.523599
7.196152 3.000000 2.000000 0.523599
8.928203 4.000000 2.000000 0.523599
10.660254 5.000000 2.000000 0.523599
12.392305 6.000000 2.000000 0.523599
14.124356 7.000000 2.000000 0.523599
15.856406 8.000000 2.000000 0.523599
17.588457 9.000000 2.000000 0.523599
19.320508 10.000000 2.000000 0.523599
21.052559 11.000000 2.000000 0.523599
22.784610 12.000000 2.000000 0.523599
24.516660 13.000000 2.000000 0.523599
26.248711 14.000000 2.000000 0.523599
27.980762 15.000000 2.000000 0.523599
29.712813 16.000000 2.000000 0.523599
31.444864 17.000000 2.000000 0.523599
33.176915 18.000000 2.000000 0.523599
34.908965 19.000000 2.000000 0.523599
36.641016 20.000000 2.000000 0.523599
38.373067 21.000000 2.000000 0.523599
40.105118 22.000000 2.000000 0.523599
41.837169 23.000000 2.000000 0.523599
43.569219 24.000000 2.000000 0.523599
45.301270 25.000000 2.000000 0.523599
47.033321 26.000000 2.000000 0.523599
48.765372 27.000000 2.000000 0.523599
50.497423 28.000000 2.000000 0.523599
52.229473 29.000000 2.000000 0.523599
53.961524 30.000000 2.000000 0.523599
55.693575 31.000000 2.000000 0.523599
57.425626 32.000000 2.000000 0.523599
59.157677 33.000000 2.000000 0.523599
60.889727 34.000000 2.000000 0.523599
62.621778 35.000000 2.000000 0.523599
64.353829 36.000000 2.000000 0.523599
66.085880 37.000000 2.000000 0.523599
67.817931 38.000000 2.000000 0.523599
69.549981 39.000000 2.000000 0.523599
71.282032 40.000000 2.000000 0.523599
73.014083 41.000000 2.000000 0.523599
74.746134 42.000000 2.000000 0.523599
76.478185 43.000000 2.000000 0.523599
78.210236 44.000000 2.000000 0.523599
79.942286 45.000000 2.000000 0.523599
81.674337 46.000000 2.000000 0.523599
83.406388 47.000000 2.000000 0.523599
85.138439 48.000000 2.000000 0.523599
86.870490 49.000000 2.000000 0.523599
88.602540 50.000000 2.000000 0.523599
90.334591 51.000000 2.000000 0.523599
92.066642 52.000000 2.000000 0.523599
93.798693 53.000000 2.000000 0.523599
95.530744 54.000000 2.000000 0.523599
97.262794 55.000000 2.000000 0.523599
98.994845 56.000000 2.000000 0.523599
100.726896 57.000000 2.000000 0.000000
102.726896 57.000000 2.000000 -0.523599
104.458947 56.000000 2.000000 -0.523599
106.190998 55.000000 2.000000 -0.523599
107.923048 54.000000 2.000000 -0.523599
109.655099 53.000000 2.000000 -0.523599
111.387150 52.000000 2.000000 -0.523599
113.119201 51.000000 2.000000 -0.523599
114.851252 50.000000 2.000000 -0.523599
116.583302 49.000000 2.000000 -0.523599
118.315353 48.000000 2.000000 -0.523599
120.047404 47.000000 2.000000 -0.523599
121.779455 46.000000 2.000000 -0.523599
123.511506 45.000000 2.000000 -0.523599
125.243557 44.000000 2.000000 -0.523599
126.975607 43.000000 2.000000 -0.523599
128.707658 42.000000 2.000000 -0.523599
130.439709 41.000000 2.000000 -0.523599
132.171760 40.000000 2.000000 -0.523599
133.903811 39.000000 2.000000 -0.523599
135.635861 38.000000 2.000000 -0.523599
137.367912 37.000000 2.000000 -0.523599
139.099963 36.000000 2.000000 -0.523599
140.832014 35.000000 2.000000 -0.523599
142.564065 34.000000 2.000000 -0.523599
144.296115 33.000000 2.000000 -0.523599
146.028166 32.000000 2.000000 -0.523599
147.760217 31.000000 2.000000 -0.523599
149.492268 30.000000 2.000000 -0.523599
151.224319 29.000000 2.000000 -0.523599
152.956369 28.000000 2.000000 -0.523599
154.688420 27.000000 2.000000 -0.523599
156.420471 26.000000 2.000000 -0.523599
158.152522 25.000000 2.000000 -0.523599
159.884573 24.000000 2.000000 -0.523599
161.616623 23.000000 2.000000 -0.523599
163.348674 22.000000 2.000000 -0.523599
165.080725 21.000000 2.000000 -0.523599
166.812776 20.000000 2.000000 -0.523599
168.544827 19.000000 2.000000 -0.523599
170.276878 18.000000 2.000000 -0.523599
172.008928 17.000000 2.000000 -0.523599
173.740979 16.000000 2.000000 -0.523599
175.473030 15.000000 2.000000 -0.523599
177.205081 14.000000 2.000000 -0.523599
178.937132 13.000000 2.000000 -0.523599
180.669182 12.000000 2.000000 -0.523599
182.401233 11.000000 2.000000 -0.523599
184.133284 10.000000 2.000000 -0.523599
185.865335 9.000000 2.000000 -0.523599
187.597386 8.000000 2.000000 -0.523599
189.329436 7.000000 2.000000 -0.523599
191.061487 6.000000 2.000000 -0.523599
192.793538 5.000000 2.000000 -0.523599
194.525589 4.000000 2.000000 -0.523599
196.257640 3.000000 2.000000 -0.523599
197.989690 2.000000 2.000000 -0.523599
199.721741 1.000000 2.000000 -0.523599
201.020779 0.250000 1.000000 -0.523599
201.453792 -0.000000 0.000000 -0.523599
201.453792 -0.000000 0.000000 -0.523599
201.453792 -0.000000 0.000000 -0.523599
